,0
0,0.48750675
1,0.48864934
2,0.4906145
3,0.49309856
4,0.49575278
5,0.49871495
6,0.5019311
7,0.50476325
8,0.5074809
9,0.5098894
10,0.5118857
11,0.5146318
12,0.5178733
13,0.5215504
14,0.5250726
15,0.52864426
16,0.5328034
17,0.53712624
18,0.54161614
19,0.54692835
20,0.5523865
21,0.557577
22,0.56222695
23,0.5657656
24,0.5686535
25,0.57022846
26,0.5715431
27,0.57286435
28,0.5736421
29,0.57396257
30,0.57430845
31,0.5743365
32,0.57381815
33,0.57302874
34,0.5728079
35,0.5738833
36,0.57628465
37,0.58024913
38,0.5852772
39,0.59072214
40,0.595439
41,0.5985711
42,0.60078776
43,0.6024316
44,0.60345435
45,0.6045917
46,0.6057044
47,0.6068009
48,0.607706
49,0.60833746
50,0.6087051
51,0.6089113
52,0.608629
53,0.6075897
54,0.6058234
55,0.6036024
56,0.6004549
57,0.5966808
58,0.59247154
59,0.5873052
60,0.5816109
61,0.5768513
62,0.5724891
63,0.56799155
64,0.5631515
65,0.5584068
66,0.5529575
67,0.5479681
68,0.5432808
69,0.53930545
70,0.5358044
71,0.53327715
72,0.53182966
73,0.5310682
74,0.53004605
75,0.52872163
76,0.5278128
77,0.5270962
78,0.5260916
79,0.5249762
80,0.5239234
81,0.5229833
82,0.5218829
83,0.52109766
84,0.5207317
85,0.5212171
86,0.5223811
87,0.5243104
88,0.52718496
89,0.53114086
90,0.5354585
91,0.5404555
92,0.5453786
93,0.55051494
94,0.5555991
95,0.56061
96,0.5651208
97,0.5691939
98,0.5725624
99,0.5757295
100,0.57874703
101,0.58152413
102,0.5839106
103,0.58592606
104,0.5872695
105,0.5882647
106,0.5881794
107,0.5873332
108,0.5862477
109,0.58512306
110,0.58343285
111,0.58120036
112,0.5780795
113,0.5747712
114,0.5718767
115,0.5691848
116,0.5664659
117,0.5637655
118,0.5616165
119,0.55961215
120,0.55805576
121,0.55683905
122,0.55589193
123,0.55488336
124,0.5537234
125,0.552417
126,0.55117613
127,0.54975075
128,0.54864424
129,0.5478174
130,0.54737085
131,0.5472869
132,0.5472869
133,0.54755837
134,0.54857874
135,0.5499819
136,0.55170566
137,0.5538971
138,0.5561341
139,0.55864954
140,0.56159234
141,0.5647181
142,0.56783056
143,0.5707834
144,0.5738182
145,0.57709974
146,0.5805834
147,0.5841688
148,0.5881817
149,0.59274817
150,0.59801954
151,0.6034301
152,0.6090778
153,0.6146274
154,0.6201205
155,0.6259855
156,0.63185155
157,0.63720065
158,0.6413631
159,0.6451205
160,0.6483771
161,0.65141135
162,0.6544953
163,0.65761137
164,0.660312
165,0.6623359
166,0.6639071
167,0.6651473
168,0.66606694
169,0.6670282
170,0.6679428
171,0.6688184
172,0.6694963
173,0.6699993
174,0.67028356
175,0.67044216
176,0.67099315
177,0.67186487
178,0.6732674
179,0.6748729
180,0.67596287
181,0.67667335
182,0.67732096
183,0.6781558
184,0.6791008
185,0.679901
186,0.6804358
187,0.6809245
188,0.68208283
189,0.683516
190,0.6852062
191,0.68720675
192,0.6894733
193,0.69223183
194,0.6950259
195,0.69758904
196,0.69911104
197,0.69989395
198,0.6999011
199,0.6994907
200,0.69876933
201,0.6974287
202,0.69518185
203,0.69240683
204,0.6897223
205,0.6873625
206,0.68533695
207,0.6833705
208,0.680942
209,0.67837065
210,0.67555827
211,0.6728328
212,0.66969043
213,0.66663754
214,0.6638934
215,0.6616717
216,0.6598389
217,0.6583223
218,0.65686077
219,0.6553695
220,0.6543556
221,0.6539059
222,0.65416145
223,0.6552817
224,0.6570791
225,0.6593403
226,0.6617316
227,0.6641217
228,0.66653806
229,0.6688255
230,0.6715356
231,0.674052
232,0.67620736
233,0.67819625
234,0.68024254
235,0.6821983
236,0.68408096
237,0.6857259
238,0.68720514
239,0.6880722
240,0.68845
241,0.688797
242,0.6891318
243,0.68961257
244,0.69058174
245,0.69256824
246,0.6956609
247,0.69953406
248,0.70389813
249,0.7085463
250,0.71247447
251,0.71624273
252,0.720544
253,0.7250473
254,0.7294093
255,0.7332453
256,0.73708177
257,0.7416658
258,0.7472317
259,0.75326884
260,0.7601224
261,0.7668353
262,0.77301353
263,0.77927405
264,0.7844608
265,0.7885361
266,0.7914953
267,0.7940115
268,0.79652566
269,0.79907846
270,0.8021374
271,0.80534655
272,0.8085708
273,0.8115437
274,0.81415254
275,0.8169992
276,0.8196483
277,0.82144105
278,0.82215524
279,0.8220834
280,0.8214639
281,0.82087046
282,0.8204033
283,0.8196094
284,0.8187095
285,0.81732714
286,0.8151433
287,0.8121949
288,0.80848926
289,0.8042347
290,0.7994571
291,0.7944295
292,0.78931034
293,0.785859
294,0.7843994
295,0.78441215
296,0.7856291
297,0.78724235
298,0.78897774
299,0.79062134
300,0.7925655
301,0.79487103
302,0.7968043
303,0.79791206
304,0.79840285
305,0.7989734
306,0.7995812
307,0.7997054
308,0.79924506
309,0.79795957
310,0.7955155
311,0.7926654
312,0.78992915
313,0.78742254
314,0.784897
315,0.7829004
316,0.78131413
317,0.7796356
318,0.7773675
319,0.7744453
320,0.77191734
321,0.76914597
322,0.7657138
323,0.76127625
324,0.75687736
325,0.75333154
326,0.75069624
327,0.7492995
328,0.7490511
329,0.75012916
330,0.7523243
331,0.7557883
332,0.76013863
333,0.7650893
334,0.7707582
335,0.776593
336,0.78191125
337,0.78662455
338,0.7913087
339,0.7953942
340,0.7984802
341,0.80078393
342,0.8021891
343,0.80231947
344,0.80178076
345,0.80117774
346,0.79987866
347,0.7980739
348,0.7962868
349,0.79456484
350,0.7928369
351,0.7905073
352,0.787942
353,0.78442514
354,0.780262
355,0.7767715
356,0.77305824
357,0.769316
358,0.7658819
359,0.76373
360,0.76125956
361,0.75865334
362,0.7552447
363,0.7516854
364,0.7469367
365,0.7408222
366,0.73456126
367,0.72816974
368,0.72244686
369,0.7160939
370,0.70886856
371,0.7012184
372,0.69436026
373,0.6878744
374,0.68186164
375,0.6768873
376,0.673768
377,0.67198193
378,0.6711759
379,0.6714765
380,0.6716307
381,0.6717442
382,0.67221934
383,0.6728307
384,0.67266816
385,0.67102784
386,0.66746795
387,0.6627231
388,0.657706
389,0.65178007
390,0.64559484
391,0.64013535
392,0.63531154
393,0.6315844
394,0.6293434
395,0.6282591
396,0.6273285
397,0.6267912
398,0.62612516
399,0.62573075
400,0.6259882
401,0.62695014
402,0.62896633
403,0.63181007
404,0.63480645
405,0.63795966
406,0.6410638
407,0.6445143
408,0.6483974
409,0.6519867
410,0.65586555
411,0.6601762
412,0.6650443
413,0.66997766
414,0.67461866
415,0.67868435
416,0.68300915
417,0.6875042
418,0.69278353
419,0.69833714
420,0.70368475
421,0.7096196
422,0.7157679
423,0.72180843
424,0.72750616
425,0.7327825
426,0.73821914
427,0.743519
428,0.74907273
429,0.7548066
430,0.7604732
431,0.7661229
432,0.77153236
433,0.7762367
434,0.7797325
435,0.78219026
436,0.7838771
437,0.78532404
438,0.7856949
439,0.78494734
440,0.7830621
441,0.7801706
442,0.77674925
443,0.7727564
444,0.76828486
445,0.76381034
446,0.7592616
447,0.7552218
448,0.7525802
449,0.7496472
450,0.74675065
451,0.74351764
452,0.7398647
453,0.73657143
454,0.73402226
455,0.731626
456,0.7292437
457,0.7265759
458,0.7238138
459,0.721214
460,0.718521
461,0.7146923
462,0.7094315
463,0.70391935
464,0.69899255
465,0.6947199
466,0.6909034
467,0.6866696
468,0.682267
469,0.67762834
470,0.6728373
471,0.66882473
472,0.6647727
473,0.6614423
474,0.65896666
475,0.65720725
476,0.65593445
477,0.6556679
478,0.6564992
479,0.65856576
480,0.6609862
481,0.66282976
482,0.665899
483,0.6694274
484,0.67274624
485,0.6749012
486,0.67513055
487,0.67383534
488,0.67156065
489,0.66875744
490,0.66492254
491,0.66239387
492,0.66142374
493,0.6614139
494,0.6623676
495,0.6637806
496,0.66576815
497,0.6681953
498,0.6703398
499,0.67253196
500,0.67483646
501,0.67669165
502,0.67753476
503,0.6771107
504,0.6768579
505,0.6768304
506,0.6769072
507,0.6768721
508,0.67615783
509,0.67463446
510,0.6728296
511,0.6708099
512,0.66907597
513,0.66777724
514,0.666479
515,0.66411793
516,0.6606802
517,0.656186
518,0.6510297
519,0.64607215
520,0.64089507
521,0.6356353
522,0.63015306
523,0.6239727
524,0.618042
525,0.6125379
526,0.60667044
527,0.600895
528,0.5951165
529,0.59029496
530,0.5864283
531,0.58347344
532,0.5817443
533,0.58094734
534,0.5810721
535,0.58205813
536,0.58350664
537,0.58523935
538,0.58755976
539,0.5907957
540,0.59485173
541,0.59926826
542,0.6041501
543,0.6095501
544,0.61467946
545,0.6196497
546,0.62454295
547,0.63012046
548,0.6366472
549,0.64323515
550,0.650112
551,0.6565572
552,0.6623119
553,0.667407
